a,d
518.6901552585229,0.30662258647040885
