a,d
587.4415666558663,0.15346226422929862
