a,d
563.8753037674102,0.47919056370652885
